amp = 15

a)

kP=0.51 Kd=0.00009
settling time = 0.36s

kP=0.51 Kd=0.00009, ki = 0.00098 

b)

kp=0.051, ki = 0.0035

kp=0.051, ki = 0.0035, kd = 0.00015

c)


kp=0.052, ki = 0.0038, kd = 0.0002